t	y
0.000	0.000
0.034	0.002
0.067	0.010
0.101	0.020
0.134	0.030
0.168	0.037
0.201	0.039
0.234	0.036
0.268	0.034
0.302	0.034
0.335	0.036
0.369	0.042
0.402	0.049
0.436	0.056
0.469	0.058
0.503	0.058
0.536	0.059
0.570	0.060
0.603	0.061
0.637	0.064
0.671	0.068
0.704	0.073
0.738	0.076
0.771	0.079
0.805	0.080
0.838	0.081
0.872	0.083
0.905	0.086
0.939	0.090
0.972	0.093
1.006	0.096
1.040	0.099
1.073	0.101
1.107	0.103
1.140	0.105
1.173	0.107
1.207	0.110
1.240	0.113
1.274	0.116
1.307	0.120
1.341	0.123
1.375	0.126
1.408	0.128
1.442	0.130
1.475	0.134
1.509	0.137
