t	y
0.000	0.000
0.034	0.003
0.067	0.010
0.101	0.022
0.134	0.033
0.168	0.043
0.201	0.050
0.235	0.049
0.268	0.046
0.302	0.045
0.335	0.046
0.369	0.049
0.403	0.054
0.436	0.061
0.470	0.069
0.503	0.075
0.537	0.078
0.570	0.080
0.604	0.081
0.637	0.082
0.670	0.085
0.704	0.089
0.738	0.094
0.771	0.100
0.805	0.104
0.838	0.108
0.872	0.112
0.905	0.114
0.939	0.118
0.972	0.121
1.006	0.125
1.039	0.130
1.073	0.135
1.107	0.139
1.140	0.144
1.174	0.149
1.207	0.153
1.241	0.156
1.274	0.159
1.308	0.161
1.341	0.163
1.375	0.165
1.409	0.167
1.442	0.170
1.475	0.173
1.509	0.177
