t	y
0.000	0.000
0.034	0.004
0.068	0.014
0.101	0.026
0.134	0.040
0.168	0.053
0.201	0.061
0.235	0.060
0.268	0.057
0.302	0.056
0.335	0.056
0.369	0.058
0.403	0.063
0.436	0.070
0.470	0.077
0.503	0.084
0.537	0.089
0.570	0.093
0.604	0.095
0.637	0.097
0.671	0.099
0.704	0.102
0.738	0.106
0.772	0.112
0.805	0.118
0.839	0.123
0.872	0.128
0.905	0.132
0.939	0.136
0.972	0.140
1.006	0.143
1.040	0.148
1.073	0.152
1.107	0.157
1.140	0.162
1.174	0.167
1.207	0.172
1.241	0.177
1.274	0.181
1.308	0.185
1.341	0.189
1.375	0.194
1.409	0.198
1.442	0.201
1.475	0.205
1.509	0.209
1.543	0.213
1.576	0.217
1.609	0.220
1.643	0.223
1.676	0.227
1.710	0.230
1.744	0.234
1.777	0.236
1.811	0.240
1.844	0.243
1.878	0.247
