t	y
0.000	0.000
0.033	0.002
0.067	0.009
0.100	0.020
0.134	0.032
0.167	0.047
0.201	0.059
0.235	0.069
0.268	0.069
0.302	0.065
0.335	0.061
0.369	0.059
0.402	0.060
0.436	0.064
0.469	0.069
0.503	0.079
0.536	0.089
0.570	0.099
0.604	0.107
0.637	0.111
0.671	0.115
0.704	0.116
0.737	0.118
0.771	0.119
0.804	0.124
0.838	0.129
0.871	0.135
0.905	0.142
0.939	0.150
0.972	0.156
1.006	0.162
1.039	0.167
1.073	0.170
1.106	0.174
1.140	0.177
1.173	0.182
1.207	0.186
1.240	0.191
1.274	0.197
1.308	0.202
1.341	0.208
1.375	0.212
1.408	0.216
1.441	0.218

