t	y
0.000	0.000
0.033	0.003
0.067	0.010
0.100	0.015
0.134	0.017
0.167	0.015
0.201	0.015
0.234	0.017
0.268	0.020
0.302	0.023
0.335	0.025
0.369	0.026
0.402	0.026
0.436	0.027
0.469	0.029
0.503	0.032
0.536	0.034
0.570	0.036
0.603	0.037
0.637	0.038
0.671	0.039
0.704	0.041
0.738	0.043
0.771	0.044
0.804	0.046
0.838	0.047
0.871	0.048
0.905	0.049
0.938	0.051
0.972	0.053
1.006	0.054
1.039	0.055
1.073	0.056
1.106	0.057
1.140	0.058
1.173	0.060
1.207	0.061
1.240	0.062
1.274	0.063
1.307	0.065
1.341	0.066
1.375	0.067
1.408	0.069
1.442	0.070
1.475	0.072
1.508	0.073
1.542	0.074
1.575	0.076
1.609	0.077
1.643	0.078
1.676	0.080
1.710	0.081
1.743	0.082
1.777	0.083
1.810	0.085
1.844	0.086
1.877	0.087
1.911	0.089
1.944	0.090
1.978	0.091
2.012	0.092
2.045	0.093
2.079	0.095
2.112	0.096
2.146	0.098
2.179	0.099
2.212	0.100
2.246	0.101
2.279	0.103
2.313	0.104
2.347	0.105
2.380	0.106
2.414	0.107
2.447	0.109
2.481	0.110
2.514	0.112
2.548	0.113
2.581	0.114
2.615	0.116
2.648	0.117
2.682	0.118
2.716	0.120
2.749	0.121
2.782	0.122
2.816	0.124
2.850	0.125
2.883	0.127
2.916	0.128
2.950	0.129
2.984	0.131
3.017	0.132
3.051	0.134
3.084	0.136
3.118	0.137
3.151	0.139
3.185	0.140
3.218	0.142
3.252	0.144
3.285	0.146
3.319	0.148
3.353	0.149
3.386	0.151
3.420	0.153
3.453	0.154
3.487	0.156
3.520	0.158
3.553	0.159
3.587	0.161
3.620	0.162
3.654	0.164
3.688	0.166
3.721	0.167
3.755	0.169
3.788	0.170
3.822	0.172
3.855	0.173
3.889	0.175
3.922	0.176
3.956	0.178
3.989	0.179
4.023	0.180
4.057	0.182
4.090	0.183
4.124	0.184
4.157	0.186
4.190	0.187
4.224	0.188
4.257	0.190
4.291	0.191
4.325	0.192
4.358	0.193
4.392	0.194
4.425	0.196
4.459	0.197
4.492	0.198
4.526	0.199
4.559	0.200
4.593	0.202
4.626	0.203
4.660	0.204
4.694	0.205
4.727	0.206
4.761	0.207
4.794	0.209
4.828	0.210
4.861	0.211
4.894	0.212
4.928	0.213
4.961	0.215
4.995	0.216
5.029	0.217
5.062	0.218
5.096	0.219
5.129	0.220
5.163	0.221
5.196	0.222
5.230	0.223
5.263	0.224
5.297	0.226
5.330	0.226
5.364	0.228
5.398	0.229
5.431	0.229
5.465	0.230
5.498	0.231
5.532	0.232
5.565	0.234
5.598	0.235
5.632	0.236
5.666	0.237
5.699	0.238
5.733	0.239
5.766	0.240
5.800	0.240
5.833	0.241
5.867	0.242
5.900	0.244
5.934	0.245
5.967	0.246
6.001	0.247
6.035	0.247
6.068	0.248
6.102	0.250
