t	y
0.000	0.000
0.034	0.003
0.067	0.010
0.101	0.022
0.134	0.033
0.168	0.043
0.201	0.050
0.235	0.049
0.268	0.046
0.302	0.045
0.335	0.046
0.369	0.049
0.403	0.054
0.436	0.061
0.470	0.069
0.503	0.075
0.537	0.078
0.570	0.080
0.604	0.081
0.637	0.082
0.670	0.085
0.704	0.089
0.738	0.094
0.771	0.100
0.805	0.104
0.838	0.108
0.872	0.112
0.905	0.114
0.939	0.118
0.972	0.121
1.006	0.125
1.039	0.130
1.073	0.135
1.107	0.139
1.140	0.144
1.174	0.149
1.207	0.153
1.241	0.156
1.274	0.159
1.308	0.161
1.341	0.163
1.375	0.165
1.409	0.167
1.442	0.170
1.475	0.173
1.509	0.177
1.542	0.180
1.576	0.182
1.609	0.185
1.643	0.188
1.676	0.190
1.710	0.192
1.744	0.195
1.777	0.198
1.811	0.202
1.844	0.205
1.878	0.208
1.911	0.210
1.945	0.212
1.978	0.213
2.012	0.215
2.045	0.217
2.079	0.219
2.113	0.222
2.146	0.224
2.179	0.226
2.213	0.228
2.246	0.229
2.280	0.230
2.313	0.232
2.347	0.234
2.381	0.235
2.414	0.237
2.448	0.240
2.481	0.242
2.515	0.243
2.548	0.245
2.582	0.246
2.615	0.247
