t	y
0.000	0.000
0.033	0.003
0.067	0.010
0.100	0.015
0.134	0.017
0.167	0.015
0.201	0.015
0.234	0.017
0.268	0.020
0.302	0.023
0.335	0.025
0.369	0.026
0.402	0.026
0.436	0.027
0.469	0.029
0.503	0.032
0.536	0.034
0.570	0.036
0.603	0.037
0.637	0.038
0.671	0.039
0.704	0.041
0.738	0.043
0.771	0.044
0.804	0.046
0.838	0.047
0.871	0.048
0.905	0.049
0.938	0.051
0.972	0.053
1.006	0.054
1.039	0.055
1.073	0.056
1.106	0.057
1.140	0.058
1.173	0.060
1.207	0.061
1.240	0.062
1.274	0.063
1.307	0.065
1.341	0.066
1.375	0.067
1.408	0.069
1.442	0.070
1.475	0.072
1.508	0.073
1.542	0.074
1.575	0.076
1.609	0.077
1.643	0.078
1.676	0.080
1.710	0.081
1.743	0.082
1.777	0.083
1.810	0.085
1.844	0.086
1.877	0.087
1.911	0.089
1.944	0.090
1.978	0.091
2.012	0.092
