t	y
0.000	0.000
0.034	0.002
0.067	0.010
0.101	0.020
0.134	0.030
0.168	0.037
0.201	0.039
0.234	0.036
0.268	0.034
0.302	0.034
0.335	0.036
0.369	0.042
0.402	0.049
0.436	0.056
0.469	0.058
0.503	0.058
0.536	0.059
0.570	0.060
0.603	0.061
0.637	0.064
0.671	0.068
0.704	0.073
0.738	0.076
0.771	0.079
0.805	0.080
0.838	0.081
0.872	0.083
0.905	0.086
0.939	0.090
0.972	0.093
1.006	0.096
1.040	0.099
1.073	0.101
1.107	0.103
1.140	0.105
1.173	0.107
1.207	0.110
1.240	0.113
1.274	0.116
1.307	0.120
1.341	0.123
1.375	0.126
1.408	0.128
1.442	0.130
1.475	0.134
1.509	0.137
1.542	0.140
1.576	0.143
1.609	0.147
1.642	0.150
1.676	0.154
1.710	0.157
1.744	0.161
1.777	0.165
1.810	0.168
1.844	0.172
1.877	0.176
1.911	0.179
1.944	0.183
1.978	0.187
2.012	0.191
2.045	0.194
2.079	0.198
2.112	0.201
2.146	0.203
2.179	0.206
2.213	0.208
2.246	0.211
2.280	0.214
2.313	0.217
2.347	0.219
2.381	0.222
2.414	0.224
2.448	0.226
2.481	0.227
2.515	0.229
2.548	0.231
2.581	0.233
2.615	0.236
2.648	0.237
2.682	0.239
2.716	0.241
2.749	0.243
2.783	0.245
2.816	0.247
